*μς-...-

2281118101111. 211111111111011. 211111111101111101111011011.
21 1111111100 110111. 28. 11101 801101. 28 111011 1111011 01
2221111 8111111. 20.(110111110110.10.(3011 1111011111.
28. 210111 2101011111. 80. 11111011111 111101 11111111111011101111111.
21 11111011 Lepte. 811111 1111111 1101 80111101. 28. 11111011 0111011
28 1111111111111110111 82111011111810111.11111011111111.
208101811111. 88111101110110010112111110111111. 80. 0110 1111111.
21101111101111110111.11110011011111 1. 80111101, 1011 111111
28111011111808111. 81811111110101 1101011111. 2.
20. 01011 8101111 80. Julius 1110ςο. 02. 111111111111111011111.
80.11111“1111101.11.1111 11111111. 88. 11001110111.
81121011111010 88111118111111111.
82 1110011 11111011. 80 1111111 11001111 2, vomhufflgm,
10. 1101011. 1110010111.
011111 11111100. 11 33:333?
43 111011 11111. 8111111110110111110.

18101 81111011. 44 21111 8111111011. ¹ 4. 1101111 8010111010011,
211111 110110. 1 3. 8101180111111101.
8111101111111110011. 1. Yumlmhlnsw. 0. Alexander 1111011011
1.111018101011110100111111101101100.11111111111011111.
811010111111110111010111111111.1 4⁸ 11100 80111111 8. 0011 80001111.
01111 1111110111 101 111111110011. 2.111011110101001010101011010.1101111111 1111111111
1. 111111 110111011018010111011011.81111181011110.1000118110081.
811111111011. 1 1111211111. 11. 110111 1101111111.
0011011111111. .1.111·11111111110,111
10111111110110111. fi. 1101011111 11011011.
11.*11101111101111111111.1.111.1 1101101110.
12. 2101 8011111110. 8. 1110111111 811111.

81011011011110110.
1 111111 11110111.

211110111010 110110101111111001.
11. 1111111110. 11. (110111 11011111.
18101111111011111.121101188101101.

16. 81011111 Granum 101 21011011. 1111111011 111111.
11.(21011811111111. 11110111 1101111111.
18. 811018011111110101111111. 11111101- 18 11111 1111111111.

11111110 11111011111011
10.11111.1111.11.1111111111 10 1111101 1110111111.
20 118118100101101801111011011. 18 0110 11001101. 11. 11111 1110110111.
21. Cun 1111011111. 180111111111111 12 111111’.1011001
228111111111111. 20.11“1111ὶ10011111100. 18 1111110101 110111.
28111111181011110111111111. 211110111111111111.11111110180111110111.
21 10110001 1110 1. 22. 11111 110111110111 nus 1111011110. 1511111111 11110111.

28. (11011 11101101. ’28. 1111011111010180111110110110111010111οὶ1 18. 11011 11101111011110.
20. 811118 80010101. bei 81010111 ι. O. 11. Ernst 8111011011.

8111111011Ρο1011

4. 8111101 11000.

.3. 0110 80111111.

0. 011080100111101110
1 1101111101 ’
811110112101111.
8110111111 Tumor.

Ι
18. 111111 110011101110111110011110111101 8110110111 10001101. 2.(111111118111101.

 

