*35*

(14414114 444444441441414444114414 4444414444414444444414441 resp. 4441444411. Orthographische
111141444484144444444.-11441441444 14444441 von 14414141 144 414 l. 14444141114444. 1144144444
6814. 14441414. Die 48444144 mit 44444444144 444 4444444144 141144. - 144444114414414441
114111. aerumnam 1 814. Becker. 814414441441414141444. 11441411144144 geographiam„
Vorbegriss03 4444 ,4114441444 444 841144144. 8414414444 4 814. 11444441 Die deutsche 44414.

1414144414 8414111 1411441444 4411811444.

1444114 masse.
ordinarius: 1444414141444 Ρ4441414.

1141444441814. 11444441 1414 (1444111144 4444. 444 10 (14441141144 44411. 1441444414.
11444144 14444444444. Die 10 (144414 ohne 1141144444. 14414414 6 814. 1444114. 14444444444, auch
14141414 84141414441,1414444414114-44414114441.11414414414114.11111414-11441441441444-

4441444144ῌ411 144414 1.4(444441414411444.114441414416ῇ1111444414 1144 41444144 4411 44-
444444144141144.-1414441144144141111. 84144144444814. 44441444144441411144441.

nntto Klme.

ordinarius: 1444414114144411444441

¹ 141414441814.44444441114444141111.Ι144144448814.Ι1444441.14444444841441444
4441441444 841441144414448414414144444411444. 144444444444441444414414114444144444441141444
1144141144.-11141444,11441. 1144144444 c 814. 11444441 144141144144144441-111. 1114444 444
1141144 4411444 (1444441144 144 1144144 444 1-·100.

Mosaisoher 14114144444144414141.
1444144414. 8444144..

· 1441411444(11.4.1114111141. (1444444114 444141441144114441414114 4441444414444 vom
4444144144144411411 bis Herodes 1,-1, 4141411444 (1111). 4. 1113 81414141144 gosen (1411 444 gagen
11444444444414418141. 1114114414 114441141144 Die 11414144 1444 444 144441 41444 44444 1414444444
(1 M). - 4 1141411444 (1. 4. 11.) 1 814. 1111114414 (1444114114 444 ,14444414 84144444.

4444444444 4444444444. .

41 Tmen.
1441414144141444 114414.

1141411444 5 (1444414141 1814. Frei- 444 044444444444444, 841414. 141411. 4 (11. 444
141144144111814. 1114144144 1141- 444 044444444444444 (6414411141141411 im 814144, 11414, 1441-
444 114414444444). 1441411444 1444144444444 wimtingen, 11411444, 444 Book, 11441, 144444 444
[1444444 mit dem grossen 8414444441, 1414144444 114414. - 141411. 3. (1. 141144. 4. 11.) 1814.
1444444444441414 1441444444 4411 1414144444 044444441444444 (144414411144414, 1144444444,
141444144444,141444444114444,1144444144 444 8414444144 zum Stern); 1114444-(1441144444444 11444,
4444444114141144, 4444 44 444 (14441444 444 4 141411. 4414111 (111, 11, 111814. 1444444444-
44441414 1441- 444 044444444444444, 44414 4414144444 144414444444. 1141411. 1 (1441444441.
sonmo 11444444 mit 4411444444 4414444444 44 8141441411 444 1144444144444444 4444444
11444444 4444444144 444 4411441, 11114414144444 4444444444 4444444141

144144 8414144 waren vom ’1444441444141141444441441

 

